ЛР-4 ВАР-22 (СОРТИРОВКА ПУЗЫРЬКОМ)
****************************************************************************************************************************************************************
                                                                  ВХОДНЫЕ ДАННЫЕ
****************************************************************************************************************************************************************
Длинна массива A: 6
Массив A: 
   1)   1
   2)   2
   3)   3
   4)   4
   5)   5
   6)   6
****************************************************************************************************************************************************************
                                                                                
****************************************************************************************************************************************************************
2 3 4 5 6 1 
3 4 5 6 2 1 
4 5 6 3 2 1 
5 6 4 3 2 1 
6 5 4 3 2 1 
****************************************************************************************************************************************************************
                                                                 ВЫХОДНЫЕ ДАННЫЕ
****************************************************************************************************************************************************************
Отсортированный массив А: 
   1)   6
   2)   5
   3)   4
   4)   3
   5)   2
   6)   1
